Keycodes

Key	     Value    Shift    Ctrl    Alt    
-----------------------------------------------------------------------
ESC	     27       27       27
F1	315	340	350	360
F2	316	341	351	361
F3	317	342	352	362
F4	318	343	353	363
F5	319	344	354	364
F6	320	345	355	365
F7	321	346	356	366
F8	322	347	357	367
F9	323	348	358	368
F0	324	349	359	369
F11	
F12
S-Abf
^	94	248
1	49	33		376
2	50	34	259	377
3	51	35	   	378
4	52	36		379
5	53	37		380
6	54	38	30	381
7	55	39		382
8	56	40		383
9	57	41		384
0	48	61		385
á	225	63	31	386
'	39	96		387
[BS]	8	8	127	264
[EINF]	338	261	260
[POS1]	327	327	375
[BILD AUF] 329	329	388
[TAB]	9	271
Q	113	81	17	272
W	119	87	23	273
E	101	69	5	274
R	114	82	18	275
T	116	84	20	276
Z	122	90	26	300
U	117	85	21	278
I	105	73	9	279
O	111	79	15	280
P	112	80	16	281
	129	154	27
+	43	42	29
[enter]	13	13	10	284
[enf]	339	263	262
[ende]	335	335	373
[bild ab] 337	337	374
A	97	65	1	286
S	115	83	19	287
D	100	68	4	288
F	102	70	6	289
G	103	71	7	290
H	104	72	8	291
J	106	74	10	292
K	107	75	11	293
L	108	76	12	294
™	148	153
Ž	132	142
#	35	39	28
>	60	62			124
Y	121	89	25	277
X	120	88	24	301
C	99	67	3	302
V	118	86	22	303
B	98	66	2	304
N	110	78	14	305
M	109	77	13	306
;	44	59
:	46	58
-	45	95	31
[SPACE] 32	32	32	258
[UP]	328	328
[DWN]	336	336
[lft]	331	331	371
[rght]	333	333	372

NumBlock
/	47	47
*	42
-	45	45
+	43	43
[ENTER]	13	13	10
